Date Price Open High Low Vol. Change %
Nov 04, 2021 175,500.00 175,500.00 178,000.00 173,000.00 - 0.00%
Nov 03, 2021 175,500.00 175,500.00 178,000.00 173,000.00 - 0.00%
Nov 02, 2021 175,500.00 175,500.00 178,000.00 173,000.00 - 0.00%
Nov 01, 2021 175,500.00 175,500.00 178,000.00 173,000.00 - 0.00%
Oct 29, 2021 175,500.00 175,500.00 178,000.00 173,000.00 - 0.00%
Oct 28, 2021 175,500.00 175,500.00 178,000.00 173,000.00 - 0.00%
Oct 27, 2021 175,500.00 175,500.00 178,000.00 173,000.00 - 0.00%
Oct 26, 2021 175,500.00 175,500.00 178,000.00 173,000.00 - 0.00%
Oct 25, 2021 175,500.00 175,500.00 178,000.00 173,000.00 - 1.74%
Oct 22, 2021 172,500.00 172,500.00 175,000.00 170,000.00 - -1.15%
Oct 21, 2021 174,500.00 174,500.00 177,000.00 172,000.00 - 0.87%
Oct 20, 2021 173,000.00 173,000.00 174,000.00 172,000.00 - 0.00%
Oct 19, 2021 173,000.00 173,000.00 174,000.00 172,000.00 - 0.00%
Oct 18, 2021 173,000.00 173,000.00 174,000.00 172,000.00 - 0.00%
Oct 15, 2021 173,000.00 173,000.00 174,000.00 172,000.00 - 0.00%
Oct 14, 2021 173,000.00 173,000.00 174,000.00 172,000.00 - 0.00%
Oct 13, 2021 173,000.00 173,000.00 174,000.00 172,000.00 - 0.00%
Oct 12, 2021 173,000.00 173,000.00 174,000.00 172,000.00 - 0.00%
Oct 11, 2021 173,000.00 173,000.00 174,000.00 172,000.00 - 1.17%